7.48331477355,8.18535277187,8.54400374532,8.12403840464,7.34846922835,10.9087121146,10.0498756211,9.8488578018,8.66025403784,11.4455231423,8.30662386292,6.16441400297,8.48528137424,9.05538513814,9.74679434481,11.1803398875,7.4161984871,9.59166304663,10.9544511501,7.68114574787,3.46410161514,7.28010988928,6.40312423743,8.94427191,7.74596669241, 18.08314132,17.7763888346,22.0227155455,19.4679223339,19.9749843554,21.6564078277,19.8242276016,18.0,19.6977156036,15.2315462117,15.9687194227,21.4709105536,17.0,13.9642400438,18.8944436277,22.2261107709,17.1172427686,19.9499373433,19.5703857908,17.5214154679,12.8840987267,14.7986485869,
4.79583152331,5.09901951359,5.19615242271,6.16441400297,5.29150262213,5.29150262213,5.83095189485,4.12310562562,4.79583152331,10.8627804912,4.472135955,4.69041575982,6.40312423743,5.56776436283,6.16441400297,4.79583152331,5.9160797831,5.9160797831,4.79583152331,5.29150262213,2.82842712475,6.16441400297,5.74456264654,4.89897948557,5.29150262213, 11.0453610172,9.0,11.4455231423,11.7473401245,10.8166538264,10.4403065089,12.3693168769,10.295630141,9.94987437107,8.77496438739,7.28010988928,10.0498756211,7.48331477355,7.07106781187,8.94427191,9.64365076099,7.34846922835,8.30662386292,13.3041346957,8.12403840464,7.81024967591,9.94987437107,
4.24264068712,3.87298334621,4.89897948557,4.24264068712,4.69041575982,5.09901951359,5.09901951359,4.0,4.58257569496,4.69041575982,4.12310562562,4.58257569496,4.69041575982,3.87298334621,4.24264068712,4.58257569496,3.46410161514,5.29150262213,4.69041575982,4.24264068712,1.41421356237,4.35889894354,3.87298334621,4.12310562562,3.74165738677, 7.34846922835,7.87400787401,10.246950766,9.0,9.74679434481,10.1488915651,10.9544511501,9.0,9.64365076099,8.0622577483,6.78232998313,10.0498756211,7.34846922835,6.0827625303,8.60232526704,8.83176086633,7.07106781187,8.18535277187,12.6885775404,6.16441400297,6.48074069841,8.66025403784,
3.74165738677,3.87298334621,3.87298334621,4.12310562562,4.58257569496,4.79583152331,5.0,4.0,4.58257569496,4.0,3.31662479036,2.0,4.58257569496,3.0,3.16227766017,4.12310562562,3.0,4.58257569496,4.58257569496,3.74165738677,4.24264068712,3.74165738677,3.87298334621,3.31662479036, 6.7082039325,6.8556546004,9.16515138991,8.66025403784,9.74679434481,8.94427191,9.0,9.0,7.93725393319,7.48331477355,6.78232998313,9.48683298051,7.34846922835,6.0827625303,8.36660026534,8.83176086633,6.5574385243,7.21110255093,12.6885775404,6.16441400297,6.48074069841,8.66025403784,
3.31662479036,3.31662479036,3.46410161514,4.12310562562,3.31662479036,4.0,4.24264068712,4.0,3.74165738677,3.87298334621,3.31662479036,2.0,4.24264068712,2.82842712475,3.0,4.0,2.82842712475,3.0,3.87298334621,3.46410161514,3.60555127546,2.82842712475,3.87298334621,3.16227766017, 6.63324958071,6.48074069841,8.66025403784,7.81024967591,9.64365076099,8.94427191,9.0,8.77496438739,7.93725393319,6.0,6.78232998313,9.05538513814,7.28010988928,6.0827625303,8.36660026534,8.83176086633,6.5574385243,6.92820323028,12.6885775404,6.0827625303,6.48074069841,8.66025403784,
3.31662479036,3.16227766017,3.0,4.12310562562,3.31662479036,4.0,4.24264068712,3.46410161514,3.60555127546,3.31662479036,3.16227766017,1.73205080757,4.0,2.82842712475,3.0,3.87298334621,2.64575131106,3.0,3.60555127546,3.46410161514,2.82842712475,2.44948974278,3.60555127546,2.82842712475, 6.63324958071,6.48074069841,8.0622577483,7.4161984871,8.48528137424,8.94427191,8.94427191,8.48528137424,7.93725393319,6.0,6.16441400297,8.77496438739,5.09901951359,5.56776436283,8.36660026534,8.18535277187,6.5574385243,6.92820323028,8.48528137424,5.83095189485,6.40312423743,6.48074069841,
3.0,2.82842712475,2.82842712475,3.87298334621,2.82842712475,3.87298334621,3.60555127546,3.16227766017,3.46410161514,2.82842712475,3.16227766017,1.73205080757,3.87298334621,2.82842712475,3.0,3.87298334621,2.44948974278,3.0,3.46410161514,3.46410161514,2.2360679775,2.0,3.31662479036,2.82842712475, 6.16441400297,6.16441400297,8.0,6.7082039325,8.18535277187,7.28010988928,8.12403840464,6.40312423743,7.93725393319,6.0,5.29150262213,8.0,4.58257569496,5.29150262213,8.24621125124,6.92820323028,5.56776436283,6.92820323028,7.61577310586,5.65685424949,6.16441400297,6.0,
3.0,2.82842712475,2.82842712475,3.74165738677,2.64575131106,3.74165738677,3.60555127546,3.0,3.46410161514,2.64575131106,3.16227766017,1.41421356237,3.74165738677,2.64575131106,3.0,3.60555127546,2.2360679775,3.0,3.46410161514,3.31662479036,2.2360679775,2.0,3.0,2.2360679775, 6.0,5.56776436283,7.48331477355,6.7082039325,7.81024967591,7.21110255093,8.0622577483,6.2449979984,7.48331477355,5.74456264654,4.89897948557,8.0,4.472135955,5.09901951359,6.92820323028,6.63324958071,5.38516480713,6.48074069841,7.48331477355,5.09901951359,4.79583152331,6.0,
3.0,2.64575131106,2.64575131106,3.60555127546,2.64575131106,3.74165738677,3.46410161514,2.82842712475,3.16227766017,2.64575131106,3.0,3.60555127546,2.44948974278,2.82842712475,3.60555127546,2.2360679775,3.0,3.46410161514,3.0,2.2360679775,2.0,3.0,2.2360679775, 6.0,5.56776436283,7.14142842854,6.5574385243,7.4161984871,6.78232998313,6.78232998313,6.2449979984,7.28010988928,5.74456264654,4.79583152331,7.87400787401,3.87298334621,5.09901951359,6.8556546004,6.40312423743,5.09901951359,6.16441400297,7.48331477355,4.472135955,4.472135955,5.65685424949,
3.0,2.64575131106,2.64575131106,3.31662479036,2.44948974278,3.60555127546,3.31662479036,2.82842712475,3.0,2.64575131106,3.0,3.46410161514,2.44948974278,2.64575131106,3.60555127546,2.0,2.82842712475,3.31662479036,2.82842712475,2.2360679775,2.0,3.0,2.2360679775, 6.0,5.38516480713,6.92820323028,6.5574385243,7.21110255093,6.0827625303,6.63324958071,5.56776436283,6.16441400297,5.65685424949,4.0,7.0,3.87298334621,5.0,6.0827625303,6.40312423743,4.89897948557,5.47722557505,6.40312423743,4.472135955,4.472135955,4.79583152331,
3.0,2.44948974278,2.64575131106,3.31662479036,2.44948974278,3.60555127546,3.16227766017,2.64575131106,3.0,2.64575131106,3.0,3.31662479036,2.44948974278,2.64575131106,3.60555127546,2.0,2.82842712475,3.31662479036,2.82842712475,2.2360679775,1.73205080757,2.64575131106,2.2360679775, 5.83095189485,5.29150262213,6.40312423743,6.48074069841,7.14142842854,5.56776436283,6.40312423743,5.47722557505,5.83095189485,5.29150262213,4.0,6.48074069841,3.60555127546,5.0,6.0,5.9160797831,4.79583152331,5.0,5.83095189485,4.24264068712,4.12310562562,4.69041575982,
2.82842712475,2.2360679775,2.44948974278,3.16227766017,2.44948974278,3.60555127546,3.0,2.64575131106,2.82842712475,2.44948974278,2.64575131106,3.31662479036,2.44948974278,2.44948974278,3.46410161514,1.73205080757,2.82842712475,3.16227766017,2.82842712475,2.2360679775,1.73205080757,2.64575131106,2.2360679775, 5.09901951359,5.19615242271,5.83095189485,6.32455532034,6.7082039325,5.38516480713,5.65685424949,5.38516480713,5.74456264654,5.29150262213,4.0,5.09901951359,3.60555127546,4.79583152331,5.47722557505,5.47722557505,4.69041575982,5.0,5.29150262213,4.12310562562,3.87298334621,4.12310562562,
2.64575131106,2.2360679775,2.44948974278,3.16227766017,2.44948974278,3.31662479036,3.0,2.44948974278,2.82842712475,2.44948974278,2.64575131106,3.31662479036,2.2360679775,2.44948974278,3.46410161514,1.73205080757,2.64575131106,3.16227766017,2.82842712475,2.0,1.73205080757,2.64575131106,2.2360679775, 5.09901951359,5.0,5.83095189485,6.0827625303,6.2449979984,5.29150262213,5.47722557505,5.38516480713,5.56776436283,5.29150262213,4.0,5.0,3.60555127546,4.58257569496,4.79583152331,5.29150262213,4.12310562562,4.89897948557,5.09901951359,4.0,3.46410161514,4.12310562562,
2.64575131106,2.2360679775,2.44948974278,3.0,2.2360679775,3.0,3.0,2.44948974278,2.82842712475,2.44948974278,2.64575131106,3.16227766017,2.2360679775,2.44948974278,3.31662479036,1.73205080757,2.64575131106,3.0,2.64575131106,2.0,1.73205080757,2.64575131106,2.2360679775, 4.89897948557,4.89897948557,5.74456264654,5.38516480713,6.2449979984,5.29150262213,5.47722557505,5.29150262213,5.38516480713,4.69041575982,3.87298334621,5.0,3.46410161514,4.24264068712,4.79583152331,5.29150262213,4.0,4.79583152331,5.0,3.87298334621,3.46410161514,4.0,
2.44948974278,2.2360679775,2.2360679775,2.82842712475,2.2360679775,3.0,3.0,2.44948974278,2.64575131106,2.2360679775,2.64575131106,3.16227766017,2.2360679775,2.44948974278,3.31662479036,1.73205080757,2.44948974278,3.0,2.44948974278,2.0,1.73205080757,2.64575131106,2.0, 4.79583152331,4.79583152331,5.29150262213,5.29150262213,6.0827625303,5.19615242271,5.38516480713,5.29150262213,5.29150262213,4.58257569496,3.87298334621,4.89897948557,3.46410161514,3.87298334621,4.79583152331,5.29150262213,4.0,4.472135955,4.69041575982,3.87298334621,3.46410161514,3.74165738677,
2.2360679775,2.2360679775,2.2360679775,2.82842712475,2.2360679775,3.0,2.64575131106,2.44948974278,2.64575131106,2.0,2.44948974278,3.16227766017,2.0,2.2360679775,3.31662479036,1.73205080757,2.44948974278,3.0,2.44948974278,2.0,1.41421356237,2.64575131106,2.0, 4.79583152331,4.472135955,5.29150262213,5.19615242271,5.9160797831,5.19615242271,5.19615242271,5.29150262213,4.79583152331,4.472135955,3.60555127546,4.89897948557,3.46410161514,3.46410161514,4.79583152331,5.0,3.74165738677,4.472135955,4.69041575982,3.60555127546,3.31662479036,3.60555127546,
2.0,2.2360679775,2.2360679775,2.82842712475,2.2360679775,2.82842712475,2.64575131106,2.44948974278,2.64575131106,2.0,2.44948974278,3.0,2.0,2.0,3.16227766017,1.73205080757,2.44948974278,3.0,2.44948974278,2.0,1.41421356237,2.64575131106,2.0, 4.69041575982,4.35889894354,5.19615242271,5.19615242271,5.9160797831,5.09901951359,5.0,5.0,4.79583152331,4.35889894354,3.60555127546,4.79583152331,3.16227766017,3.16227766017,4.472135955,4.58257569496,3.74165738677,4.472135955,4.58257569496,3.60555127546,3.31662479036,3.46410161514,
2.0,2.0,2.2360679775,2.82842712475,2.0,2.64575131106,2.64575131106,2.44948974278,2.44948974278,2.0,2.44948974278,3.0,2.0,2.0,3.16227766017,1.73205080757,2.2360679775,3.0,2.44948974278,2.0,1.41421356237,2.44948974278,2.0, 4.69041575982,4.24264068712,5.0,4.89897948557,5.38516480713,4.89897948557,5.0,4.89897948557,4.69041575982,4.12310562562,3.46410161514,4.472135955,3.0,3.0,4.35889894354,4.58257569496,3.74165738677,4.35889894354,4.472135955,3.60555127546,3.31662479036,3.31662479036,
1.73205080757,2.0,2.2360679775,2.64575131106,2.0,2.64575131106,2.64575131106,2.44948974278,2.44948974278,2.0,2.0,2.82842712475,1.73205080757,2.0,3.0,1.73205080757,2.0,2.64575131106,2.2360679775,2.0,1.41421356237,2.44948974278,2.0, 4.58257569496,4.24264068712,4.79583152331,4.79583152331,5.19615242271,4.79583152331,4.79583152331,4.58257569496,4.472135955,4.12310562562,3.31662479036,4.472135955,3.0,3.0,4.24264068712,4.472135955,3.31662479036,4.24264068712,4.35889894354,3.46410161514,3.16227766017,3.31662479036,
1.73205080757,2.0,2.0,2.64575131106,2.0,2.64575131106,2.44948974278,2.2360679775,2.44948974278,2.0,2.0,2.64575131106,1.73205080757,2.0,3.0,1.73205080757,2.0,2.44948974278,2.0,1.73205080757,1.41421356237,2.44948974278,2.0, 4.35889894354,4.24264068712,4.79583152331,4.79583152331,5.09901951359,4.58257569496,4.69041575982,4.24264068712,4.35889894354,4.0,3.31662479036,4.35889894354,3.0,3.0,4.0,4.35889894354,3.31662479036,4.0,4.12310562562,3.46410161514,3.16227766017,3.31662479036,
1.73205080757,2.0,2.0,2.64575131106,2.0,2.44948974278,2.44948974278,2.2360679775,2.2360679775,2.0,2.0,2.64575131106,1.73205080757,2.0,3.0,1.73205080757,2.0,2.44948974278,2.0,1.73205080757,1.41421356237,2.44948974278,2.0, 4.35889894354,4.24264068712,4.69041575982,4.58257569496,5.0,4.58257569496,4.69041575982,4.24264068712,4.35889894354,3.74165738677,3.31662479036,4.35889894354,2.82842712475,3.0,3.87298334621,4.35889894354,3.16227766017,3.74165738677,4.0,3.46410161514,3.0,3.31662479036,
1.73205080757,1.73205080757,2.0,2.64575131106,2.0,2.44948974278,2.44948974278,2.2360679775,2.2360679775,2.0,2.0,2.44948974278,1.73205080757,2.0,2.82842712475,1.41421356237,2.0,2.44948974278,2.0,1.73205080757,1.41421356237,2.44948974278,2.0, 4.24264068712,4.12310562562,4.69041575982,4.472135955,4.58257569496,4.472135955,4.58257569496,4.24264068712,4.24264068712,3.74165738677,3.16227766017,4.24264068712,2.64575131106,2.82842712475,3.74165738677,4.35889894354,3.0,3.74165738677,3.87298334621,3.31662479036,3.0,3.16227766017,
1.73205080757,1.73205080757,2.0,2.64575131106,2.0,2.2360679775,2.44948974278,2.0,2.2360679775,2.0,2.0,2.44948974278,1.73205080757,1.73205080757,2.82842712475,1.41421356237,1.73205080757,2.2360679775,2.0,1.41421356237,1.41421356237,2.2360679775,1.73205080757, 4.24264068712,4.12310562562,4.472135955,4.472135955,4.472135955,4.472135955,4.58257569496,4.12310562562,4.24264068712,3.60555127546,3.16227766017,4.24264068712,2.64575131106,2.82842712475,3.60555127546,4.24264068712,3.0,3.60555127546,3.87298334621,3.16227766017,2.82842712475,3.0,
1.73205080757,1.73205080757,2.0,2.64575131106,2.0,2.2360679775,2.2360679775,2.0,2.2360679775,1.73205080757,2.0,2.44948974278,1.73205080757,1.73205080757,2.64575131106,1.41421356237,1.73205080757,2.2360679775,2.0,1.41421356237,2.2360679775,1.73205080757, 4.12310562562,4.0,4.472135955,4.24264068712,4.472135955,4.472135955,4.58257569496,4.0,4.24264068712,3.60555127546,3.0,4.24264068712,2.64575131106,2.82842712475,3.60555127546,4.24264068712,3.0,3.60555127546,3.60555127546,3.16227766017,2.64575131106,3.0,
1.41421356237,1.73205080757,2.0,2.44948974278,2.0,2.2360679775,2.2360679775,2.0,2.0,1.73205080757,2.0,2.44948974278,1.73205080757,1.73205080757,2.64575131106,1.41421356237,1.73205080757,2.2360679775,2.0,1.41421356237,2.2360679775,1.73205080757, 3.87298334621,3.74165738677,4.24264068712,4.12310562562,4.472135955,4.35889894354,4.35889894354,3.87298334621,4.12310562562,3.60555127546,2.82842712475,4.24264068712,2.64575131106,2.64575131106,3.60555127546,4.0,3.0,3.60555127546,3.60555127546,3.16227766017,2.64575131106,2.82842712475,
1.41421356237,1.41421356237,2.0,2.44948974278,1.73205080757,2.2360679775,2.2360679775,2.0,2.0,1.73205080757,1.73205080757,2.44948974278,1.73205080757,1.73205080757,2.64575131106,1.73205080757,2.2360679775,1.73205080757,1.41421356237,2.2360679775,1.73205080757, 3.87298334621,3.46410161514,4.24264068712,3.87298334621,4.472135955,4.0,4.35889894354,3.74165738677,4.12310562562,3.60555127546,2.64575131106,4.12310562562,2.64575131106,2.44948974278,3.46410161514,3.87298334621,3.0,3.60555127546,3.60555127546,3.16227766017,2.64575131106,2.82842712475,
1.41421356237,1.41421356237,1.73205080757,2.44948974278,1.73205080757,2.0,2.2360679775,2.0,2.0,1.73205080757,1.73205080757,2.44948974278,1.73205080757,1.73205080757,2.44948974278,1.73205080757,2.2360679775,1.73205080757,1.41421356237,2.0,1.73205080757, 3.87298334621,3.46410161514,4.12310562562,3.87298334621,4.24264068712,4.0,4.12310562562,3.74165738677,4.12310562562,3.46410161514,2.64575131106,4.12310562562,2.64575131106,2.44948974278,3.46410161514,3.60555127546,3.0,3.60555127546,3.31662479036,3.16227766017,2.44948974278,2.82842712475,
1.41421356237,1.41421356237,1.73205080757,2.44948974278,1.73205080757,2.0,2.2360679775,2.0,2.0,1.73205080757,1.73205080757,2.2360679775,1.41421356237,1.73205080757,2.44948974278,1.41421356237,2.2360679775,1.73205080757,2.0,1.73205080757, 3.74165738677,3.46410161514,4.12310562562,3.74165738677,4.24264068712,3.87298334621,4.12310562562,3.74165738677,3.87298334621,3.46410161514,2.44948974278,4.0,2.44948974278,2.44948974278,3.46410161514,3.60555127546,2.82842712475,3.46410161514,3.31662479036,3.0,2.44948974278,2.64575131106,
1.41421356237,1.41421356237,1.73205080757,2.44948974278,1.73205080757,2.0,2.2360679775,2.0,2.0,1.73205080757,1.73205080757,2.2360679775,1.41421356237,1.41421356237,2.44948974278,1.41421356237,2.0,1.73205080757,2.0,1.73205080757, 3.60555127546,3.31662479036,4.12310562562,3.74165738677,4.12310562562,3.87298334621,4.12310562562,3.60555127546,3.87298334621,3.46410161514,2.44948974278,4.0,2.44948974278,2.44948974278,3.31662479036,3.60555127546,2.82842712475,3.46410161514,3.31662479036,2.82842712475,2.44948974278,2.64575131106,
1.41421356237,1.41421356237,1.73205080757,2.2360679775,1.73205080757,2.0,2.2360679775,1.73205080757,1.73205080757,1.73205080757,1.73205080757,2.2360679775,1.41421356237,1.41421356237,2.44948974278,1.41421356237,2.0,1.73205080757,2.0,1.73205080757, 3.60555127546,3.31662479036,3.87298334621,3.60555127546,4.0,3.87298334621,4.12310562562,3.46410161514,3.74165738677,3.31662479036,2.44948974278,3.87298334621,2.44948974278,2.44948974278,3.31662479036,3.46410161514,2.82842712475,3.16227766017,3.16227766017,2.82842712475,2.44948974278,2.64575131106,
1.41421356237,1.41421356237,1.73205080757,2.2360679775,1.73205080757,2.0,2.0,1.73205080757,1.73205080757,1.41421356237,1.73205080757,2.2360679775,1.41421356237,1.41421356237,2.44948974278,1.41421356237,2.0,1.41421356237,2.0,1.73205080757, 3.46410161514,3.31662479036,3.87298334621,3.60555127546,4.0,3.74165738677,4.0,3.31662479036,3.74165738677,3.31662479036,2.2360679775,3.46410161514,2.44948974278,2.44948974278,3.31662479036,3.46410161514,2.64575131106,3.16227766017,3.16227766017,2.82842712475,2.44948974278,2.64575131106,
1.41421356237,1.41421356237,1.73205080757,2.2360679775,1.73205080757,2.0,2.0,1.73205080757,1.73205080757,1.41421356237,1.73205080757,2.0,1.41421356237,1.41421356237,2.44948974278,1.41421356237,2.0,1.41421356237,2.0,1.73205080757, 3.31662479036,3.31662479036,3.87298334621,3.60555127546,3.87298334621,3.74165738677,3.87298334621,3.0,3.60555127546,3.31662479036,2.2360679775,3.31662479036,2.44948974278,2.44948974278,3.31662479036,3.46410161514,2.44948974278,3.16227766017,3.0,2.82842712475,2.44948974278,2.64575131106,
1.41421356237,1.41421356237,1.73205080757,2.2360679775,1.73205080757,2.0,2.0,1.73205080757,1.73205080757,1.41421356237,1.73205080757,2.0,1.41421356237,1.41421356237,2.2360679775,1.41421356237,2.0,1.41421356237,2.0,1.41421356237, 3.31662479036,3.31662479036,3.87298334621,3.60555127546,3.87298334621,3.74165738677,3.87298334621,3.0,3.60555127546,3.16227766017,2.2360679775,3.31662479036,2.44948974278,2.44948974278,3.16227766017,3.31662479036,2.44948974278,3.16227766017,3.0,2.82842712475,2.2360679775,2.64575131106,
1.41421356237,1.41421356237,1.73205080757,2.2360679775,1.41421356237,2.0,2.0,1.73205080757,1.73205080757,1.41421356237,1.73205080757,2.0,1.41421356237,1.41421356237,2.2360679775,1.41421356237,2.0,1.41421356237,2.0,1.41421356237, 3.31662479036,3.16227766017,3.87298334621,3.46410161514,3.87298334621,3.60555127546,3.74165738677,3.0,3.46410161514,3.16227766017,2.2360679775,3.31662479036,2.2360679775,2.2360679775,3.16227766017,3.31662479036,2.44948974278,3.16227766017,3.0,2.82842712475,2.2360679775,2.64575131106,
1.41421356237,1.41421356237,1.73205080757,2.2360679775,1.41421356237,2.0,2.0,1.73205080757,1.73205080757,1.41421356237,1.73205080757,1.73205080757,1.41421356237,1.41421356237,2.2360679775,1.41421356237,2.0,1.41421356237,2.0,1.41421356237, 3.31662479036,3.16227766017,3.87298334621,3.46410161514,3.87298334621,3.60555127546,3.74165738677,3.0,3.31662479036,3.0,2.2360679775,3.16227766017,2.2360679775,2.2360679775,3.0,3.31662479036,2.44948974278,3.16227766017,3.0,2.64575131106,2.2360679775,2.44948974278,
1.41421356237,1.41421356237,1.73205080757,2.2360679775,1.41421356237,2.0,2.0,1.73205080757,1.73205080757,1.41421356237,1.73205080757,1.73205080757,1.41421356237,1.41421356237,2.2360679775,1.41421356237,1.73205080757,1.41421356237,2.0,1.41421356237, 3.31662479036,3.0,3.74165738677,3.46410161514,3.74165738677,3.46410161514,3.46410161514,2.82842712475,3.16227766017,3.0,2.0,3.16227766017,2.2360679775,2.2360679775,3.0,3.31662479036,2.44948974278,3.0,3.0,2.64575131106,2.2360679775,2.44948974278,
1.41421356237,1.41421356237,1.73205080757,2.0,1.41421356237,2.0,2.0,1.73205080757,1.73205080757,1.41421356237,1.73205080757,1.73205080757,1.41421356237,1.41421356237,2.2360679775,1.41421356237,1.41421356237,1.41421356237,2.0,1.41421356237, 3.16227766017,2.82842712475,3.74165738677,3.46410161514,3.60555127546,3.46410161514,3.46410161514,2.82842712475,3.16227766017,3.0,2.0,3.16227766017,2.2360679775,2.0,3.0,3.16227766017,2.2360679775,3.0,2.82842712475,2.64575131106,2.0,2.44948974278,
1.41421356237,1.41421356237,1.41421356237,2.0,1.41421356237,1.73205080757,2.0,1.73205080757,1.73205080757,1.41421356237,1.41421356237,1.73205080757,1.41421356237,1.41421356237,2.2360679775,1.41421356237,1.41421356237,1.41421356237,2.0,1.41421356237, 3.16227766017,2.64575131106,3.60555127546,3.31662479036,3.46410161514,3.46410161514,3.46410161514,2.82842712475,3.16227766017,3.0,2.0,3.16227766017,2.2360679775,2.0,3.0,3.16227766017,2.2360679775,3.0,2.82842712475,2.64575131106,2.0,2.44948974278,
1.41421356237,1.41421356237,1.41421356237,2.0,1.41421356237,1.73205080757,2.0,1.73205080757,1.73205080757,1.41421356237,1.41421356237,1.73205080757,1.41421356237,1.41421356237,2.2360679775,1.41421356237,1.41421356237,1.41421356237,1.73205080757,1.41421356237, 3.16227766017,2.64575131106,3.46410161514,3.31662479036,3.46410161514,3.31662479036,3.31662479036,2.82842712475,3.16227766017,3.0,2.0,3.16227766017,2.2360679775,2.0,2.82842712475,3.16227766017,2.2360679775,3.0,2.82842712475,2.64575131106,2.0,2.44948974278,
1.41421356237,1.41421356237,1.41421356237,2.0,1.41421356237,1.73205080757,2.0,1.73205080757,1.73205080757,1.41421356237,1.41421356237,1.73205080757,1.41421356237,1.41421356237,2.2360679775,1.41421356237,1.73205080757,1.41421356237, 3.16227766017,2.64575131106,3.46410161514,3.31662479036,3.31662479036,3.16227766017,3.31662479036,2.82842712475,3.0,2.82842712475,2.0,3.16227766017,2.2360679775,2.0,2.82842712475,3.16227766017,2.2360679775,2.82842712475,2.82842712475,2.64575131106,2.0,2.2360679775,
1.41421356237,1.41421356237,1.41421356237,2.0,1.41421356237,1.73205080757,1.73205080757,1.41421356237,1.73205080757,1.41421356237,1.41421356237,1.73205080757,1.41421356237,1.41421356237,2.2360679775,1.41421356237,1.73205080757,1.41421356237, 3.0,2.44948974278,3.46410161514,3.31662479036,3.31662479036,3.16227766017,3.16227766017,2.64575131106,3.0,2.82842712475,2.0,3.0,2.0,2.0,2.82842712475,3.16227766017,2.2360679775,2.82842712475,2.82842712475,2.64575131106,2.0,2.2360679775,
1.41421356237,1.73205080757,1.41421356237,1.73205080757,1.73205080757,1.41421356237,1.73205080757,1.41421356237,1.73205080757,1.41421356237,1.41421356237,2.2360679775,1.41421356237,1.73205080757,1.41421356237, 2.82842712475,2.44948974278,3.31662479036,3.16227766017,3.16227766017,3.16227766017,3.16227766017,2.64575131106,3.0,2.64575131106,2.0,3.0,2.0,2.0,2.82842712475,3.16227766017,2.2360679775,2.82842712475,2.82842712475,2.64575131106,2.0,2.2360679775,
1.41421356237,1.73205080757,1.41421356237,1.41421356237,1.73205080757,1.41421356237,1.73205080757,1.41421356237,1.73205080757,1.41421356237,1.41421356237,2.2360679775,1.41421356237,1.73205080757,1.41421356237, 2.82842712475,2.44948974278,3.16227766017,3.16227766017,3.16227766017,3.16227766017,3.16227766017,2.64575131106,3.0,2.64575131106,2.0,3.0,2.0,2.0,2.64575131106,3.0,2.2360679775,2.82842712475,2.82842712475,2.64575131106,2.0,2.2360679775,
1.41421356237,1.73205080757,1.41421356237,1.41421356237,1.73205080757,1.41421356237,1.73205080757,1.41421356237,1.73205080757,1.41421356237,1.41421356237,2.2360679775,1.41421356237,1.73205080757,1.41421356237, 2.82842712475,2.44948974278,3.16227766017,3.0,3.16227766017,3.16227766017,3.16227766017,2.64575131106,3.0,2.64575131106,2.0,3.0,2.0,2.0,2.64575131106,3.0,2.2360679775,2.82842712475,2.82842712475,2.64575131106,2.0,2.2360679775,
1.41421356237,1.73205080757,1.41421356237,1.41421356237,1.73205080757,1.41421356237,1.73205080757,1.41421356237,1.73205080757,1.41421356237,1.41421356237,2.0,1.41421356237,1.73205080757,1.41421356237, 2.64575131106,2.44948974278,3.16227766017,3.0,3.16227766017,3.0,3.16227766017,2.64575131106,2.82842712475,2.64575131106,1.73205080757,3.0,2.0,1.73205080757,2.64575131106,3.0,2.0,2.82842712475,2.82842712475,2.64575131106,2.0,2.2360679775,
1.41421356237,1.73205080757,1.41421356237,1.41421356237,1.73205080757,1.41421356237,1.41421356237,1.41421356237,1.73205080757,1.41421356237,1.41421356237,2.0,1.41421356237,1.73205080757,1.41421356237, 2.64575131106,2.2360679775,3.0,3.0,3.16227766017,3.0,3.16227766017,2.64575131106,2.82842712475,2.64575131106,1.73205080757,2.82842712475,2.0,1.73205080757,2.64575131106,3.0,2.0,2.82842712475,2.64575131106,2.44948974278,1.73205080757,2.0,
1.41421356237,1.73205080757,1.41421356237,1.41421356237,1.73205080757,1.41421356237,1.41421356237,1.41421356237,1.73205080757,1.41421356237,1.41421356237,2.0,1.41421356237,1.73205080757,1.41421356237, 2.64575131106,2.2360679775,3.0,2.82842712475,3.0,3.0,3.0,2.64575131106,2.82842712475,2.64575131106,1.73205080757,2.82842712475,2.0,1.73205080757,2.64575131106,3.0,2.0,2.82842712475,2.64575131106,2.44948974278,1.73205080757,2.0,
1.41421356237,1.73205080757,1.41421356237,1.41421356237,1.73205080757,1.41421356237,1.41421356237,1.41421356237,1.73205080757,1.41421356237,1.41421356237,2.0,1.73205080757,1.41421356237, 2.64575131106,2.2360679775,3.0,2.82842712475,3.0,3.0,3.0,2.64575131106,2.82842712475,2.64575131106,1.73205080757,2.82842712475,2.0,1.73205080757,2.64575131106,3.0,2.0,2.64575131106,2.64575131106,2.44948974278,1.73205080757,2.0,
1.41421356237,1.73205080757,1.41421356237,1.41421356237,1.73205080757,1.41421356237,1.41421356237,1.41421356237,1.73205080757,1.41421356237,1.41421356237,2.0,1.73205080757,1.41421356237, 2.64575131106,2.2360679775,2.82842712475,2.82842712475,3.0,2.82842712475,3.0,2.44948974278,2.82842712475,2.64575131106,1.73205080757,2.82842712475,2.0,1.73205080757,2.64575131106,2.82842712475,2.0,2.64575131106,2.64575131106,2.44948974278,1.73205080757,2.0,
1.41421356237,1.73205080757,1.41421356237,1.41421356237,1.41421356237,1.41421356237,1.41421356237,1.41421356237,1.73205080757,1.41421356237,1.41421356237,2.0,1.41421356237,1.41421356237, 2.64575131106,2.2360679775,2.82842712475,2.82842712475,3.0,2.82842712475,3.0,2.44948974278,2.82842712475,2.64575131106,1.73205080757,2.82842712475,2.0,1.73205080757,2.44948974278,2.82842712475,2.0,2.64575131106,2.64575131106,2.44948974278,1.73205080757,2.0,