TEST DATA:
LSA NUMBERS:
1,13.152946438
2,6.16441400297
3,4.35889894354
4,4.24264068712
5,3.87298334621
6,3.31662479036
7,3.0
8,3.0
9,3.0
10,3.0
11,2.82842712475
12,2.44948974278
13,2.2360679775
14,2.0
15,2.0
16,2.0
17,2.0
18,2.0
19,2.0
20,2.0
21,2.0
22,2.0
23,2.0
24,1.73205080757
25,1.73205080757
26,1.73205080757
27,1.73205080757
28,1.73205080757
29,1.41421356237
30,1.41421356237
31,1.41421356237
32,1.41421356237
33,1.41421356237
34,1.41421356237
35,1.41421356237
36,1.41421356237
37,1.41421356237
38,1.41421356237
39,1.41421356237
40,1.41421356237
41,1.41421356237
42,1.41421356237
43,1.41421356237
44,1.41421356237
45,1.41421356237
46,1.41421356237
47,1.41421356237
48,1.41421356237
49,1.41421356237
50,1.41421356237
51,1.41421356237
52,1.41421356237
53,1.41421356237
54,1.41421356237
55,1.41421356237
56,1.41421356237

FREQ NUMBERS:
VB,0.0811808118081
RP,0.0258302583026
JJ,0.0332103321033
NN,0.579335793358
FW,0.00738007380074
RBR,0.0110701107011
CD,0.0369003690037
VBP,0.00738007380074
PRP,0.0147601476015
RB,0.00738007380074
DT,0.107011070111
NNS,0.0147601476015
NNP,0.0738007380074