PRP$,0.0061919504644,0.0103004291845,0.00585729499468,0.0204894706887,0.0159465020576,0.0115194733955,0.00574112734864,0.0158835208471,0.0054347826087,0.0119236883943,0.00138121546961,0.00727883538634,0.00611246943765,0.00887573964497,0.000726216412491,0.00454250486697,0.00376884422111,0.00143988480922,0.00292056074766,0.0109126984127,0.00747384155456,0.0164609053498,0.000922509225092,0.00170794192997,0.00477707006369,0.00119189511323,0.00129032258065,0.0078431372549,0.004329004329,
VBG,0.00851393188854,0.0300429184549,0.0207667731629,0.0415480933409,0.0216049382716,0.00438837081733,0.00730688935282,0.00926538716082,0.018115942029,0.00556438791733,0.0124309392265,0.021836506159,0.0134474327628,0.00443786982249,0.00290486564996,0.0123296560675,0.00753768844221,0.0208783297336,0.00700934579439,0.00892857142857,0.0119581464873,0.0195473251029,0.011135857461,0.00461254612546,0.0191256830601,0.000729927007299,0.0549954170486,0.00604838709677,0.00475285171103,0.0128095644748,0.00796178343949,0.00557103064067,0.00645756457565,0.00238379022646,0.00271739130435,0.00392156862745,
VBD,0.015479876161,0.0145922746781,0.010649627263,0.0335799658509,0.00925925925926,0.016456390565,0.0245302713987,0.0172071475844,0.0326086956522,0.0246422893482,0.00138121546961,0.015117581187,0.0110024449878,0.0177514792899,0.00871459694989,0.0188189487346,0.0125628140704,0.0309575233981,0.00992990654206,0.00595238095238,0.0149476831091,0.0236625514403,0.0022271714922,0.00738007380074,0.00910746812386,0.0100824931256,0.00855513307985,0.00597779675491,0.0031847133758,0.00696378830084,0.00461254612546,0.00595947556615,0.00129032258065,0.0104575163399,
VBN,0.0015479876161,0.00171673819742,0.00212992545261,0.00569151963574,0.00102880658436,0.00383982446517,0.00991649269311,0.00529450694904,0.00905797101449,0.00556438791733,0.00138121546961,0.000559910414334,0.00244498777506,0.00147928994083,0.0123456790123,0.00713822193381,0.00125628140704,0.00647948164147,0.00233644859813,0.00496031746032,0.00298953662182,0.00617283950617,0.0178173719376,0.0193726937269,0.0446265938069,0.0102189781022,0.0265811182401,0.0302419354839,0.0209125475285,0.0119555935098,0.0175159235669,0.0041782729805,0.0110701107011,0.00476758045292,0.0127118644068,0.0212765957447,0.00387096774194,0.00522875816993,
'',0.00184501845018,0.0021897810219,0.0015923566879,0.000922509225092,0.00238379022646,
VBP,0.0673374613003,0.0824034334764,0.0835995740149,0.0387023335231,0.0303497942387,0.0378496982995,0.0365344467641,0.0549305095963,0.06038647343,0.0476947535771,0.0842541436464,0.0296752519597,0.0232273838631,0.0147928994083,0.037037037037,0.0253082414017,0.036432160804,0.0323974082073,0.0327102803738,0.0267857142857,0.0448430493274,0.0277777777778,0.022271714922,0.00830258302583,0.00546448087432,0.00948905109489,0.00824931255729,0.00504032258065,0.027566539924,0.0290350128096,0.00636942675159,0.0181058495822,0.00830258302583,0.0202622169249,0.0214168039539,0.00373134328358,0.00387096774194,0.0274509803922,0.00810810810811,0.012987012987,0.0671140939597,
WDT,0.00077399380805,0.00313152400835,0.0006038647343,0.000794912559618,0.00276243093923,0.000719942404608,0.00116822429907,0.00273224043716,0.000853970964987,0.00119189511323,
JJ,0.0340557275542,0.0317596566524,0.0548455804047,0.0637450199203,0.0776748971193,0.06582556226,0.0480167014614,0.0443414956982,0.0549516908213,0.0516693163752,0.0483425414365,0.0363941769317,0.0537897310513,0.042899408284,0.0501089324619,0.0545100584036,0.071608040201,0.033117350612,0.0671728971963,0.0376984126984,0.0448430493274,0.059670781893,0.0534521158129,0.0784132841328,0.0218579234973,0.0576642335766,0.0604949587534,0.0514112903226,0.0560836501901,0.0435525192143,0.0605095541401,0.0515320334262,0.0738007380074,0.0584028605483,0.0974576271186,0.186161449753,0.127659574468,0.127272727273,0.0471698113208,0.15625,0.141791044776,0.0896739130435,0.0239043824701,0.0632258064516,0.0655737704918,0.0575163398693,0.0575079872204,0.0864864864865,0.0606060606061,0.0469798657718,
WP,0.0010649627263,0.00205761316872,0.00713110257817,0.0135699373695,0.0119126406353,0.00966183574879,0.0286168521463,0.00276243093923,0.00615901455767,0.00591715976331,0.00145243282498,0.00584036340039,0.00376884422111,0.000719942404608,0.000584112149533,0.00694444444444,0.00149476831091,0.00308641975309,0.000922509225092,0.0063752276867,0.0240875912409,0.000916590284143,0.00570342205323,0.0111016225448,0.00796178343949,0.00696378830084,0.0119926199262,0.00357568533969,0.00130718954248,
VBZ,0.015479876161,0.00858369098712,0.0111821086262,0.0489470688674,0.0529835390947,0.0345584201865,0.0297494780793,0.0258107213766,0.0217391304348,0.0468998410175,0.0207182320442,0.0347144456887,0.00733496332518,0.0192307692308,0.0101670297749,0.020116807268,0.00502512562814,0.0179985601152,0.0110981308411,0.0267857142857,0.0224215246637,0.0236625514403,0.00445434298441,0.00830258302583,0.00182149362477,0.0102189781022,0.0229147571036,0.0100806451613,0.00475285171103,0.00768573868488,0.0238853503185,0.0111420612813,0.010147601476,0.00238379022646,0.00909090909091,0.00516129032258,0.0109289617486,0.0535947712418,0.00319488817891,0.00865800865801,
DT,0.15092879257,0.0892703862661,0.0937167199148,0.114399544678,0.0848765432099,0.10641799232,0.10751565762,0.0747849106552,0.0996376811594,0.102543720191,0.060773480663,0.0683090705487,0.0660146699267,0.0650887573964,0.042846768337,0.0720311486048,0.0954773869347,0.0719942404608,0.035046728972,0.030753968254,0.0971599402093,0.0462962962963,0.0601336302895,0.0415129151292,0.139344262295,0.0722627737226,0.0870760769936,0.0675403225806,0.0874524714829,0.0777113578138,0.0668789808917,0.08356545961,0.106088560886,0.072705601907,0.00606060606061,0.00943396226415,0.00208333333333,0.0326086956522,0.0967741935484,0.0710382513661,0.104575163399,0.025974025974,0.0335570469799,
RP,0.00696594427245,0.00171673819742,0.00532481363152,0.00113830392715,0.000514403292181,0.0082281952825,0.00678496868476,0.00595632031767,0.006038647343,0.00715421303657,0.00138121546961,0.00783874580067,0.0195599022005,0.00147928994083,0.00145243282498,0.00389357560026,0.00376884422111,0.00575953923686,0.00496031746032,0.00298953662182,0.00617283950617,0.00184501845018,0.00182149362477,0.00549954170486,0.00100806451613,0.00760456273764,0.00768573868488,0.00184501845018,0.00271739130435,0.00129032258065,0.00273224043716,0.00392156862745,
NN,0.311145510836,0.232618025751,0.200745473908,0.217416050085,0.26183127572,0.266593527153,0.272442588727,0.218398411648,0.195652173913,0.214626391097,0.25138121547,0.287793952968,0.383863080685,0.380177514793,0.36165577342,0.319922128488,0.33040201005,0.277897768179,0.38726635514,0.355158730159,0.269058295964,0.322016460905,0.54565701559,0.417896678967,0.460837887067,0.521167883212,0.463794683776,0.505040322581,0.36216730038,0.419299743809,0.482484076433,0.466573816156,0.436346863469,0.432657926103,0.364406779661,0.418451400329,0.446808510638,0.363636363636,0.311320754717,0.479166666667,0.386194029851,0.5625,0.418326693227,0.467096774194,0.472677595628,0.338562091503,0.357827476038,0.332432432432,0.398268398268,0.295302013423,
FW,0.00102880658436,0.000548546352167,0.00104384133612,0.0018115942029,0.00552486187845,0.00525700934579,0.00198412698413,0.00645756457565,0.000729927007299,0.00733272227314,0.00276752767528,0.00238379022646,
POS,0.00696594427245,0.0188841201717,0.00479233226837,0.00796812749004,0.00360082304527,0.0049369171695,0.00156576200418,0.00066181336863,0.0012077294686,0.00556438791733,0.006718924972,0.00366748166259,0.00147928994083,0.000726216412491,0.00778715120052,0.00376884422111,0.00575953923686,0.00876168224299,0.015873015873,0.01644245142,0.00720164609053,0.000922509225092,0.00100806451613,0.000853970964987,0.00184501845018,0.0117647058824,
TO,0.0201238390093,0.0420600858369,0.0457933972311,0.0159362549801,0.0190329218107,0.013165112452,0.0130480167015,0.0191925876903,0.0126811594203,0.0135135135135,0.024861878453,0.025195968645,0.0158924205379,0.0443786982249,0.0167029774873,0.0207657365347,0.0213567839196,0.0244780417567,0.0140186915888,0.00992063492063,0.0104633781764,0.00514403292181,0.00184501845018,0.00273224043716,0.000916590284143,0.00285171102662,0.000853970964987,0.0041782729805,0.00553505535055,0.00595947556615,0.00129032258065,0.00261437908497,0.0201342281879,
PRP,0.0750773993808,0.116738197425,0.124600638978,0.124075128059,0.0817901234568,0.0707624794295,0.102818371608,0.09662475182,0.138888888889,0.10492845787,0.0925414364641,0.068868980963,0.0513447432763,0.0636094674556,0.0530137981118,0.0538611291369,0.0804020100503,0.056875449964,0.0426401869159,0.0505952380952,0.050822122571,0.0504115226337,0.0445434298441,0.0230627306273,0.0291438979964,0.0328467153285,0.0394133822181,0.0221774193548,0.037072243346,0.0512382578992,0.0111464968153,0.0278551532033,0.0175276752768,0.0226460071514,0.0244565217391,0.0109289617486,0.0640522875817,0.00865800865801,0.0402684563758,
RB,0.030959752322,0.0515021459227,0.066560170394,0.0113830392715,0.0277777777778,0.036204059243,0.0208768267223,0.0502978160159,0.0507246376812,0.0564387917329,0.0621546961326,0.025195968645,0.0305623471883,0.00739644970414,0.0188816267248,0.0369889682025,0.0163316582915,0.0359971202304,0.0163551401869,0.0416666666667,0.0568011958146,0.00925925925926,0.0244988864143,0.0147601476015,0.0774134790528,0.0189781021898,0.0219981668194,0.0221774193548,0.0456273764259,0.067463706234,0.0238853503185,0.0362116991643,0.039667896679,0.0202622169249,0.0190217391304,0.0322580645161,0.0464480874317,0.0196078431373,0.00865800865801,0.0134228187919,
NNS,0.0441176470588,0.0412017167382,0.0468583599574,0.0455321570859,0.0272633744856,0.0499177180472,0.0224425887265,0.0344142951688,0.0169082125604,0.0302066772655,0.0690607734807,0.03359462486,0.0268948655257,0.0281065088757,0.0203340595497,0.0343932511356,0.0276381909548,0.0208783297336,0.0128504672897,0.0138888888889,0.0104633781764,0.0349794238683,0.0267260579065,0.0738007380074,0.0510018214936,0.0211678832117,0.0265811182401,0.0352822580645,0.0617870722433,0.0495303159693,0.0302547770701,0.0529247910864,0.0516605166052,0.0595947556615,0.0214168039539,0.0283018867925,0.00559701492537,0.0380434782609,0.0129032258065,0.00273224043716,0.0274509803922,0.00810810810811,0.038961038961,0.0335570469799,
NNP,0.0603715170279,0.0412017167382,0.0484558040469,0.0489470688674,0.137345679012,0.0877674163467,0.0949895615866,0.145598941099,0.0978260869565,0.0659777424483,0.104972375691,0.154535274356,0.161369193154,0.136094674556,0.217864923747,0.175210902012,0.173366834171,0.188624910007,0.242990654206,0.176587301587,0.174887892377,0.207818930041,0.106904231626,0.173431734317,0.0464480874317,0.176642335766,0.070577451879,0.173387096774,0.139733840304,0.0768573868488,0.135350318471,0.122562674095,0.104243542435,0.178784266985,0.0889830508475,0.0780141843972,0.0393939393939,0.0754716981132,0.00416666666667,0.00746268656716,0.0625,0.155378486056,0.0735483870968,0.169398907104,0.16339869281,0.134185303514,0.118918918919,0.168831168831,0.0805369127517,
VB,0.0727554179567,0.0961373390558,0.0995740149095,0.030734206033,0.0565843621399,0.0570488206253,0.0605427974948,0.0529450694904,0.0549516908213,0.0461049284579,0.060773480663,0.0677491601344,0.0550122249389,0.10650887574,0.0522875816993,0.0408825438027,0.0439698492462,0.0525557955364,0.053738317757,0.0664682539683,0.0463378176383,0.0401234567901,0.0155902004454,0.0258302583026,0.0136612021858,0.00948905109489,0.0146654445463,0.00907258064516,0.0456273764259,0.0546541417592,0.015923566879,0.0320334261838,0.0249077490775,0.0393325387366,0.0677966101695,0.0247116968699,0.0496453900709,0.0757575757576,0.00943396226415,0.0125,0.0242537313433,0.0407608695652,0.00796812749004,0.0154838709677,0.0218579234973,0.0117647058824,0.0159744408946,0.00540540540541,0.012987012987,0.0335570469799,
WRB,0.00077399380805,0.000858369098712,0.00266240681576,0.00341491178145,0.00154320987654,0.006582556226,0.0130480167015,0.00264725347452,0.00724637681159,0.00635930047695,0.00414364640884,0.001679731243,0.00580973129993,0.00194678780013,0.00251256281407,0.00647948164147,0.00642523364486,0.0128968253968,0.0194319880419,0.00205761316872,0.000922509225092,0.00183318056829,0.00190114068441,0.00139275766017,0.000922509225092,0.00119189511323,
CC,0.012017167382,0.00532481363152,0.00284575981787,0.00565843621399,0.0148107515085,0.0203549060543,0.0463269358041,0.0344202898551,0.0373608903021,0.0110497237569,0.013437849944,0.00488997555012,0.00739644970414,0.0167029774873,0.0149253731343,0.0113065326633,0.0525557955364,0.0105140186916,0.0228174603175,0.0119581464873,0.0452674897119,0.0267260579065,0.0110701107011,0.0182149362477,0.0036496350365,0.00733272227314,0.0282258064516,0.0142585551331,0.00768573868488,0.00955414012739,0.0111420612813,0.0166051660517,0.0107270560191,0.0296610169492,0.100494233937,0.0851063829787,0.0393939393939,0.0188679245283,0.141666666667,0.102611940299,0.0353260869565,0.0239043824701,0.0529032258065,0.0273224043716,0.0222222222222,0.0255591054313,0.0702702702703,0.030303030303,
LS,0.0338983050847,0.0247116968699,0.0212765957447,0.0727272727273,0.00943396226415,0.0104166666667,0.0223880597015,0.0217391304348,0.00398406374502,0.00258064516129,0.00273224043716,0.0159744408946,0.0027027027027,0.004329004329,
PDT,0.00104384133612,0.00066181336863,0.0006038647343,0.000719942404608,0.00102880658436,0.000922509225092,0.00184501845018,
RBR,0.00113830392715,0.00154320987654,0.00104384133612,0.001679731243,0.00455373406193,0.000729927007299,0.00274977085243,0.00201612903226,0.00190114068441,0.00139275766017,0.00261437908497,0.030303030303,
CD,0.0030959752322,0.0231759656652,0.00692225772098,0.0409789413773,0.0108024691358,0.00713110257817,0.00104384133612,0.00926538716082,0.00785024154589,0.000794912559618,0.0372928176796,0.0179171332587,0.018337408313,0.00739644970414,0.0268700072622,0.0116807268008,0.00628140703518,0.00143988480922,0.00233644859813,0.014880952381,0.00747384155456,0.00102880658436,0.00890868596882,0.0387453874539,0.016393442623,0.00875912408759,0.0164986251146,0.00907258064516,0.0228136882129,0.00512382578992,0.0207006369427,0.0041782729805,0.0138376383764,0.0226460071514,0.305084745763,0.202635914333,0.163120567376,0.266666666667,0.490566037736,0.19375,0.305970149254,0.0652173913043,0.366533864542,0.154838709677,0.0956284153005,0.0483660130719,0.389776357827,0.364864864865,0.17316017316,0.335570469799,
EX,0.000569151963574,0.000514403292181,0.00109709270433,0.00104384133612,0.00066181336863,0.0018115942029,0.00158982511924,0.001679731243,0.00147928994083,0.00064892926671,0.00125628140704,0.00116822429907,0.00198412698413,0.00149476831091,0.000922509225092,0.00170794192997,0.00261437908497,
IN,0.0572755417957,0.0412017167382,0.038338658147,0.061468412066,0.0478395061728,0.0641799232035,0.0542797494781,0.0397088021178,0.0434782608696,0.0667726550079,0.0193370165746,0.047032474804,0.0293398533007,0.0236686390533,0.0275962236747,0.0324464633355,0.0326633165829,0.0417566594672,0.017523364486,0.0337301587302,0.0523168908819,0.0411522633745,0.0155902004454,0.0322878228782,0.0264116575592,0.0138686131387,0.0403299725023,0.0161290322581,0.0351711026616,0.0520922288642,0.0605095541401,0.0376044568245,0.039667896679,0.0202622169249,0.00709219858156,0.00645161290323,0.00522875816993,0.0027027027027,0.00865800865801,
MD,0.0061919504644,0.012017167382,0.0165069222577,0.0182128628344,0.0159465020576,0.0142622051563,0.0229645093946,0.0105890138981,0.0132850241546,0.0119236883943,0.00966850828729,0.00951847704367,0.00855745721271,0.00739644970414,0.00944081336238,0.00973393900065,0.00251256281407,0.00575953923686,0.00408878504673,0.00892857142857,0.00149476831091,0.00445434298441,0.00276752767528,0.0021897810219,0.000916590284143,0.00100806451613,0.00285171102662,0.000853970964987,0.00477707006369,0.008356545961,0.00461254612546,0.00357568533969,0.00271739130435,0.00261437908497,
NNPS,0.000559910414334,
JJS,0.000532481363152,0.000514403292181,0.00438837081733,0.001679731243,0.00668151447661,
JJR,0.00232198142415,0.0010649627263,0.00257201646091,0.00219418540867,0.000521920668058,0.00066181336863,0.00238473767886,0.00552486187845,0.00223964165733,0.00143988480922,0.0022271714922,0.0014598540146,0.00549954170486,0.00100806451613,0.000950570342205,0.000853970964987,0.00139275766017,0.000922509225092,0.00130718954248,0.004329004329,
UH,0.00077399380805,0.00212992545261,0.00113830392715,0.000514403292181,0.00219418540867,0.00156576200418,0.00595632031767,0.0018115942029,0.00238473767886,0.00414364640884,0.00223964165733,0.00122249388753,0.00295857988166,0.00435729847495,0.0103828682674,0.00125628140704,0.00431965442765,0.0035046728972,0.00297619047619,0.0194319880419,0.000922509225092,0.000910746812386,0.0014598540146,0.00274977085243,0.00302419354839,0.00190114068441,0.000853970964987,0.00477707006369,0.0041782729805,0.00184501845018,0.00476758045292,0.00387096774194,
