PRP$,0.00420168067227,0.00420168067227,0.0442477876106,0.00383877159309,0.0166666666667,0.016632016632,0.00227272727273,0.017094017094,0.0227272727273,0.0030487804878,0.0262295081967,0.0177777777778,0.0241379310345,0.0254545454545,0.003003003003,0.0263157894737,0.00257731958763,0.0150943396226,
VBG,0.00420168067227,0.00589970501475,0.0153550863724,0.01,0.002079002079,0.00909090909091,0.00569800569801,0.020202020202,0.00655737704918,0.0111111111111,0.0398406374502,0.0241379310345,0.0145454545455,0.00375939849624,0.00515463917526,0.011320754717,
VBD,0.00420168067227,0.0126050420168,0.00884955752212,0.00575815738964,0.0166666666667,0.0136363636364,0.011396011396,0.00757575757576,0.00914634146341,0.0196721311475,0.0133333333333,0.00689655172414,0.0163636363636,0.0180722891566,0.00369003690037,0.021021021021,0.0225563909774,0.0108695652174,0.015625,0.0103092783505,0.022641509434,
VBN,0.00420168067227,0.00383877159309,0.00666666666667,0.002079002079,0.0136363636364,0.00854700854701,0.00757575757576,0.0119521912351,0.0137931034483,0.00375939849624,0.00515463917526,
VBP,0.0504201680672,0.0798319327731,0.0678466076696,0.0345489443378,0.0366666666667,0.0519750519751,0.1,0.011396011396,0.0580808080808,0.0426229508197,0.0355555555556,0.0278884462151,0.051724137931,0.04,0.0120481927711,0.00369003690037,0.045045045045,0.0263157894737,0.0108695652174,0.0438144329897,0.0528301886792,
WDT,0.00420168067227,0.00191938579655,0.002079002079,0.00252525252525,0.00888888888889,0.00375939849624,
JJ,0.0420168067227,0.0210084033613,0.023598820059,0.0767754318618,0.0166666666667,0.047817047817,0.025,0.0655270655271,0.030303030303,0.00609756097561,0.0393442622951,0.0355555555556,0.0398406374502,0.0241379310345,0.0381818181818,0.00602409638554,0.0553505535055,0.015015015015,0.0338345864662,0.0108695652174,0.0078125,0.0670103092784,0.0566037735849,
WP,0.00420168067227,0.00420168067227,0.00294985250737,0.00383877159309,0.00666666666667,0.010395010395,0.0113636363636,0.00252525252525,0.00327868852459,0.00666666666667,0.00796812749004,0.0240963855422,0.003003003003,0.0054347826087,0.00515463917526,0.00377358490566,
VBZ,0.0168067226891,0.00420168067227,0.0412979351032,0.0499040307102,0.06,0.0790020790021,0.0113636363636,0.0541310541311,0.020202020202,0.0030487804878,0.0327868852459,0.115555555556,0.0278884462151,0.0931034482759,0.0345454545455,0.0481927710843,0.0405904059041,0.012012012012,0.015037593985,0.0380434782609,0.0078125,0.0850515463918,0.00377358490566,
DT,0.121848739496,0.0756302521008,0.0766961651917,0.0940499040307,0.0866666666667,0.106029106029,0.109090909091,0.0968660968661,0.113636363636,0.128048780488,0.147540983607,0.153333333333,0.0677290836653,0.1,0.0818181818182,0.066265060241,0.0959409594096,0.108108108108,0.0639097744361,0.130434782609,0.128865979381,0.11320754717,
RP,0.0294117647059,0.00884955752212,0.00767754318618,0.00333333333333,0.00454545454545,0.002849002849,0.00252525252525,0.00796812749004,0.00344827586207,0.0218181818182,0.00738007380074,0.018018018018,0.0112781954887,0.00515463917526,0.0150943396226,
NN,0.382352941176,0.231092436975,0.209439528024,0.222648752399,0.163333333333,0.147609147609,0.297727272727,0.242165242165,0.199494949495,0.298780487805,0.255737704918,0.228571428571,0.2,0.338645418327,0.331034482759,0.24,0.373493975904,0.394833948339,0.249249249249,0.338345864662,0.214285714286,0.385869565217,0.4296875,0.193298969072,0.17358490566,
FW,0.00738007380074,0.00377358490566,
POS,0.00589970501475,0.00333333333333,0.00454545454545,0.00854700854701,0.00757575757576,0.00327868852459,0.00444444444444,0.0103448275862,0.0109090909091,0.0240963855422,0.00515463917526,
TO,0.0294117647059,0.0324483775811,0.0307101727447,0.02,0.031185031185,0.0204545454545,0.011396011396,0.0328282828283,0.0030487804878,0.016393442623,0.00222222222222,0.0239043824701,0.0103448275862,0.0345454545455,0.00369003690037,0.015015015015,0.00751879699248,0.0257731958763,0.00377358490566,
PRP,0.063025210084,0.105042016807,0.132743362832,0.0748560460653,0.11,0.120582120582,0.104545454545,0.0740740740741,0.116161616162,0.00914634146341,0.072131147541,0.0911111111111,0.0637450199203,0.0965517241379,0.0927272727273,0.0421686746988,0.00369003690037,0.111111111111,0.0375939849624,0.0217391304348,0.131443298969,0.116981132075,
RB,0.063025210084,0.0420168067227,0.0501474926254,0.0537428023033,0.0433333333333,0.0519750519751,0.0340909090909,0.034188034188,0.0631313131313,0.0030487804878,0.0262295081967,0.04,0.0358565737052,0.0344827586207,0.0672727272727,0.0301204819277,0.0369003690037,0.0570570570571,0.0225563909774,0.0592783505155,0.0641509433962,
NNS,0.0210084033613,0.0588235294118,0.023598820059,0.0345489443378,0.02,0.0769230769231,0.0318181818182,0.017094017094,0.0454545454545,0.0548780487805,0.0360655737705,0.1,0.0222222222222,0.0172413793103,0.0290909090909,0.0240963855422,0.0221402214022,0.024024024024,0.0187969924812,0.0714285714286,0.0271739130435,0.0234375,0.0335051546392,0.0377358490566,
NNP,0.0168067226891,0.0126050420168,0.0176991150442,0.0479846449136,0.113333333333,0.039501039501,0.0113636363636,0.108262108262,0.0277777777778,0.0792682926829,0.0393442622951,0.0571428571429,0.0533333333333,0.0756972111554,0.048275862069,0.0690909090909,0.066265060241,0.0885608856089,0.0720720720721,0.093984962406,0.070652173913,0.15625,0.00515463917526,0.0264150943396,
VB,0.0336134453782,0.0588235294118,0.0589970501475,0.0595009596929,0.05,0.0644490644491,0.0727272727273,0.037037037037,0.0681818181818,0.0213414634146,0.0360655737705,0.0155555555556,0.0517928286853,0.0206896551724,0.0636363636364,0.00602409638554,0.00369003690037,0.0570570570571,0.0338345864662,0.0850515463918,0.0490566037736,
WRB,0.0126050420168,0.002079002079,0.002849002849,0.0126262626263,0.00655737704918,0.0111111111111,0.00398406374502,0.0103448275862,0.00369003690037,0.0563909774436,
CC,0.105042016807,0.163865546218,0.0884955752212,0.0499040307102,0.12,0.0727650727651,0.0613636363636,0.022792022792,0.0707070707071,0.359756097561,0.118032786885,0.314285714286,0.0511111111111,0.0796812749004,0.0413793103448,0.0490909090909,0.210843373494,0.129151291513,0.0690690690691,0.105263157895,0.142857142857,0.20652173913,0.3203125,0.0412371134021,0.105660377358,
PDT,0.00191938579655,0.003003003003,
RBR,0.00420168067227,0.00884955752212,0.00191938579655,0.00227272727273,0.002849002849,0.00222222222222,0.00689655172414,0.00181818181818,0.00773195876289,0.011320754717,
CD,0.00840336134454,0.0210084033613,0.023598820059,0.0575815738964,0.0333333333333,0.049896049896,0.00454545454545,0.0997150997151,0.0151515151515,0.0182926829268,0.0131147540984,0.3,0.02,0.0478087649402,0.0103448275862,0.0236363636364,0.0180722891566,0.0442804428044,0.0690690690691,0.0601503759398,0.571428571429,0.0597826086957,0.03125,0.00515463917526,0.0150943396226,
EX,0.00840336134454,0.00884955752212,0.002849002849,0.0133333333333,0.0184501845018,0.00773195876289,0.00377358490566,
IN,0.0210084033613,0.0126050420168,0.0442477876106,0.0556621880998,0.0433333333333,0.014553014553,0.0454545454545,0.034188034188,0.030303030303,0.0393442622951,0.0488888888889,0.0358565737052,0.0172413793103,0.02,0.0180722891566,0.0184501845018,0.03003003003,0.015037593985,0.0163043478261,0.0309278350515,0.0679245283019,
MD,0.00420168067227,0.00840336134454,0.0117994100295,0.00959692898273,0.0166666666667,0.00623700623701,0.00681818181818,0.022792022792,0.0176767676768,0.00327868852459,0.00222222222222,0.00398406374502,0.0236363636364,0.00369003690037,0.003003003003,0.00773195876289,0.022641509434,
NNPS,0.0030487804878,
JJS,0.00227272727273,0.00327868852459,
JJR,0.00840336134454,0.00294985250737,0.002079002079,0.002849002849,0.00444444444444,0.00796812749004,0.00602409638554,0.00369003690037,0.00257731958763,0.00377358490566,
UH,0.00840336134454,0.00840336134454,0.00191938579655,0.00333333333333,0.002079002079,0.002849002849,0.00252525252525,0.0131147540984,0.02,0.00344827586207,0.00181818181818,0.00602409638554,0.0110701107011,0.015015015015,0.0054347826087,0.0078125,
