
7.48331477355,8.18535277187,8.54400374532,8.12403840464,7.34846922835,10.9087121146,10.0498756211,9.8488578018,8.66025403784,11.4455231423,8.30662386292,6.16441400297,8.48528137424,9.05538513814,9.74679434481,11.1803398875,7.4161984871,9.59166304663,10.9544511501,7.68114574787,3.46410161514,7.28010988928,6.40312423743,8.94427191,7.74596669241,
4.79583152331,5.09901951359,5.19615242271,6.16441400297,5.29150262213,5.29150262213,5.83095189485,4.12310562562,4.79583152331,10.8627804912,4.472135955,4.69041575982,6.40312423743,5.56776436283,6.16441400297,4.79583152331,5.9160797831,5.9160797831,4.79583152331,5.29150262213,2.82842712475,6.16441400297,5.74456264654,4.89897948557,5.29150262213,
4.24264068712,3.87298334621,4.89897948557,4.24264068712,4.69041575982,5.09901951359,5.09901951359,4.0,4.58257569496,4.69041575982,4.12310562562,4.58257569496,4.69041575982,3.87298334621,4.24264068712,4.58257569496,3.46410161514,5.29150262213,4.69041575982,4.24264068712,1.41421356237,4.35889894354,3.87298334621,4.12310562562,3.74165738677,
3.74165738677,3.87298334621,3.87298334621,4.12310562562,4.58257569496,4.79583152331,5.0,4.0,4.58257569496,4.0,3.31662479036,2.0,4.58257569496,3.0,3.16227766017,4.12310562562,3.0,4.58257569496,4.58257569496,3.74165738677,4.24264068712,3.74165738677,3.87298334621,3.31662479036,
3.31662479036,3.31662479036,3.46410161514,4.12310562562,3.31662479036,4.0,4.24264068712,4.0,3.74165738677,3.87298334621,3.31662479036,2.0,4.24264068712,2.82842712475,3.0,4.0,2.82842712475,3.0,3.87298334621,3.46410161514,3.60555127546,2.82842712475,3.87298334621,3.16227766017,
3.31662479036,3.16227766017,3.0,4.12310562562,3.31662479036,4.0,4.24264068712,3.46410161514,3.60555127546,3.31662479036,3.16227766017,1.73205080757,4.0,2.82842712475,3.0,3.87298334621,2.64575131106,3.0,3.60555127546,3.46410161514,2.82842712475,2.44948974278,3.60555127546,2.82842712475,
3.0,2.82842712475,2.82842712475,3.87298334621,2.82842712475,3.87298334621,3.60555127546,3.16227766017,3.46410161514,2.82842712475,3.16227766017,1.73205080757,3.87298334621,2.82842712475,3.0,3.87298334621,2.44948974278,3.0,3.46410161514,3.46410161514,2.2360679775,2.0,3.31662479036,2.82842712475,
3.0,2.82842712475,2.82842712475,3.74165738677,2.64575131106,3.74165738677,3.60555127546,3.0,3.46410161514,2.64575131106,3.16227766017,1.41421356237,3.74165738677,2.64575131106,3.0,3.60555127546,2.2360679775,3.0,3.46410161514,3.31662479036,2.2360679775,2.0,3.0,2.2360679775,
3.0,2.64575131106,2.64575131106,3.60555127546,2.64575131106,3.74165738677,3.46410161514,2.82842712475,3.16227766017,2.64575131106,3.0,3.60555127546,2.44948974278,2.82842712475,3.60555127546,2.2360679775,3.0,3.46410161514,3.0,2.2360679775,2.0,3.0,2.2360679775,
3.0,2.64575131106,2.64575131106,3.31662479036,2.44948974278,3.60555127546,3.31662479036,2.82842712475,3.0,2.64575131106,3.0,3.46410161514,2.44948974278,2.64575131106,3.60555127546,2.0,2.82842712475,3.31662479036,2.82842712475,2.2360679775,2.0,3.0,2.2360679775,
3.0,2.44948974278,2.64575131106,3.31662479036,2.44948974278,3.60555127546,3.16227766017,2.64575131106,3.0,2.64575131106,3.0,3.31662479036,2.44948974278,2.64575131106,3.60555127546,2.0,2.82842712475,3.31662479036,2.82842712475,2.2360679775,1.73205080757,2.64575131106,2.2360679775,
2.82842712475,2.2360679775,2.44948974278,3.16227766017,2.44948974278,3.60555127546,3.0,2.64575131106,2.82842712475,2.44948974278,2.64575131106,3.31662479036,2.44948974278,2.44948974278,3.46410161514,1.73205080757,2.82842712475,3.16227766017,2.82842712475,2.2360679775,1.73205080757,2.64575131106,2.2360679775,
2.64575131106,2.2360679775,2.44948974278,3.16227766017,2.44948974278,3.31662479036,3.0,2.44948974278,2.82842712475,2.44948974278,2.64575131106,3.31662479036,2.2360679775,2.44948974278,3.46410161514,1.73205080757,2.64575131106,3.16227766017,2.82842712475,2.0,1.73205080757,2.64575131106,2.2360679775,
2.64575131106,2.2360679775,2.44948974278,3.0,2.2360679775,3.0,3.0,2.44948974278,2.82842712475,2.44948974278,2.64575131106,3.16227766017,2.2360679775,2.44948974278,3.31662479036,1.73205080757,2.64575131106,3.0,2.64575131106,2.0,1.73205080757,2.64575131106,2.2360679775,
2.44948974278,2.2360679775,2.2360679775,2.82842712475,2.2360679775,3.0,3.0,2.44948974278,2.64575131106,2.2360679775,2.64575131106,3.16227766017,2.2360679775,2.44948974278,3.31662479036,1.73205080757,2.44948974278,3.0,2.44948974278,2.0,1.73205080757,2.64575131106,2.0,
2.2360679775,2.2360679775,2.2360679775,2.82842712475,2.2360679775,3.0,2.64575131106,2.44948974278,2.64575131106,2.0,2.44948974278,3.16227766017,2.0,2.2360679775,3.31662479036,1.73205080757,2.44948974278,3.0,2.44948974278,2.0,1.41421356237,2.64575131106,2.0,
2.0,2.2360679775,2.2360679775,2.82842712475,2.2360679775,2.82842712475,2.64575131106,2.44948974278,2.64575131106,2.0,2.44948974278,3.0,2.0,2.0,3.16227766017,1.73205080757,2.44948974278,3.0,2.44948974278,2.0,1.41421356237,2.64575131106,2.0,
2.0,2.0,2.2360679775,2.82842712475,2.0,2.64575131106,2.64575131106,2.44948974278,2.44948974278,2.0,2.44948974278,3.0,2.0,2.0,3.16227766017,1.73205080757,2.2360679775,3.0,2.44948974278,2.0,1.41421356237,2.44948974278,2.0,
1.73205080757,2.0,2.2360679775,2.64575131106,2.0,2.64575131106,2.64575131106,2.44948974278,2.44948974278,2.0,2.0,2.82842712475,1.73205080757,2.0,3.0,1.73205080757,2.0,2.64575131106,2.2360679775,2.0,1.41421356237,2.44948974278,2.0,
1.73205080757,2.0,2.0,2.64575131106,2.0,2.64575131106,2.44948974278,2.2360679775,2.44948974278,2.0,2.0,2.64575131106,1.73205080757,2.0,3.0,1.73205080757,2.0,2.44948974278,2.0,1.73205080757,1.41421356237,2.44948974278,2.0,
1.73205080757,2.0,2.0,2.64575131106,2.0,2.44948974278,2.44948974278,2.2360679775,2.2360679775,2.0,2.0,2.64575131106,1.73205080757,2.0,3.0,1.73205080757,2.0,2.44948974278,2.0,1.73205080757,1.41421356237,2.44948974278,2.0,
1.73205080757,1.73205080757,2.0,2.64575131106,2.0,2.44948974278,2.44948974278,2.2360679775,2.2360679775,2.0,2.0,2.44948974278,1.73205080757,2.0,2.82842712475,1.41421356237,2.0,2.44948974278,2.0,1.73205080757,1.41421356237,2.44948974278,2.0,
1.73205080757,1.73205080757,2.0,2.64575131106,2.0,2.2360679775,2.44948974278,2.0,2.2360679775,2.0,2.0,2.44948974278,1.73205080757,1.73205080757,2.82842712475,1.41421356237,1.73205080757,2.2360679775,2.0,1.41421356237,1.41421356237,2.2360679775,1.73205080757,
1.73205080757,1.73205080757,2.0,2.64575131106,2.0,2.2360679775,2.2360679775,2.0,2.2360679775,1.73205080757,2.0,2.44948974278,1.73205080757,1.73205080757,2.64575131106,1.41421356237,1.73205080757,2.2360679775,2.0,1.41421356237,2.2360679775,1.73205080757,
1.41421356237,1.73205080757,2.0,2.44948974278,2.0,2.2360679775,2.2360679775,2.0,2.0,1.73205080757,2.0,2.44948974278,1.73205080757,1.73205080757,2.64575131106,1.41421356237,1.73205080757,2.2360679775,2.0,1.41421356237,2.2360679775,1.73205080757,
1.41421356237,1.41421356237,2.0,2.44948974278,1.73205080757,2.2360679775,2.2360679775,2.0,2.0,1.73205080757,1.73205080757,2.44948974278,1.73205080757,1.73205080757,2.64575131106,1.73205080757,2.2360679775,1.73205080757,1.41421356237,2.2360679775,1.73205080757,
1.41421356237,1.41421356237,1.73205080757,2.44948974278,1.73205080757,2.0,2.2360679775,2.0,2.0,1.73205080757,1.73205080757,2.44948974278,1.73205080757,1.73205080757,2.44948974278,1.73205080757,2.2360679775,1.73205080757,1.41421356237,2.0,1.73205080757,
1.41421356237,1.41421356237,1.73205080757,2.44948974278,1.73205080757,2.0,2.2360679775,2.0,2.0,1.73205080757,1.73205080757,2.2360679775,1.41421356237,1.73205080757,2.44948974278,1.41421356237,2.2360679775,1.73205080757,2.0,1.73205080757,
1.41421356237,1.41421356237,1.73205080757,2.44948974278,1.73205080757,2.0,2.2360679775,2.0,2.0,1.73205080757,1.73205080757,2.2360679775,1.41421356237,1.41421356237,2.44948974278,1.41421356237,2.0,1.73205080757,2.0,1.73205080757,
1.41421356237,1.41421356237,1.73205080757,2.2360679775,1.73205080757,2.0,2.2360679775,1.73205080757,1.73205080757,1.73205080757,1.73205080757,2.2360679775,1.41421356237,1.41421356237,2.44948974278,1.41421356237,2.0,1.73205080757,2.0,1.73205080757,
1.41421356237,1.41421356237,1.73205080757,2.2360679775,1.73205080757,2.0,2.0,1.73205080757,1.73205080757,1.41421356237,1.73205080757,2.2360679775,1.41421356237,1.41421356237,2.44948974278,1.41421356237,2.0,1.41421356237,2.0,1.73205080757,
1.41421356237,1.41421356237,1.73205080757,2.2360679775,1.73205080757,2.0,2.0,1.73205080757,1.73205080757,1.41421356237,1.73205080757,2.0,1.41421356237,1.41421356237,2.44948974278,1.41421356237,2.0,1.41421356237,2.0,1.73205080757,
1.41421356237,1.41421356237,1.73205080757,2.2360679775,1.73205080757,2.0,2.0,1.73205080757,1.73205080757,1.41421356237,1.73205080757,2.0,1.41421356237,1.41421356237,2.2360679775,1.41421356237,2.0,1.41421356237,2.0,1.41421356237,
1.41421356237,1.41421356237,1.73205080757,2.2360679775,1.41421356237,2.0,2.0,1.73205080757,1.73205080757,1.41421356237,1.73205080757,2.0,1.41421356237,1.41421356237,2.2360679775,1.41421356237,2.0,1.41421356237,2.0,1.41421356237,
1.41421356237,1.41421356237,1.73205080757,2.2360679775,1.41421356237,2.0,2.0,1.73205080757,1.73205080757,1.41421356237,1.73205080757,1.73205080757,1.41421356237,1.41421356237,2.2360679775,1.41421356237,2.0,1.41421356237,2.0,1.41421356237,
1.41421356237,1.41421356237,1.73205080757,2.2360679775,1.41421356237,2.0,2.0,1.73205080757,1.73205080757,1.41421356237,1.73205080757,1.73205080757,1.41421356237,1.41421356237,2.2360679775,1.41421356237,1.73205080757,1.41421356237,2.0,1.41421356237,
1.41421356237,1.41421356237,1.73205080757,2.0,1.41421356237,2.0,2.0,1.73205080757,1.73205080757,1.41421356237,1.73205080757,1.73205080757,1.41421356237,1.41421356237,2.2360679775,1.41421356237,1.41421356237,1.41421356237,2.0,1.41421356237,
1.41421356237,1.41421356237,1.41421356237,2.0,1.41421356237,1.73205080757,2.0,1.73205080757,1.73205080757,1.41421356237,1.41421356237,1.73205080757,1.41421356237,1.41421356237,2.2360679775,1.41421356237,1.41421356237,1.41421356237,2.0,1.41421356237,
1.41421356237,1.41421356237,1.41421356237,2.0,1.41421356237,1.73205080757,2.0,1.73205080757,1.73205080757,1.41421356237,1.41421356237,1.73205080757,1.41421356237,1.41421356237,2.2360679775,1.41421356237,1.41421356237,1.41421356237,1.73205080757,1.41421356237,
1.41421356237,1.41421356237,1.41421356237,2.0,1.41421356237,1.73205080757,2.0,1.73205080757,1.73205080757,1.41421356237,1.41421356237,1.73205080757,1.41421356237,1.41421356237,2.2360679775,1.41421356237,1.73205080757,1.41421356237,
1.41421356237,1.41421356237,1.41421356237,2.0,1.41421356237,1.73205080757,1.73205080757,1.41421356237,1.73205080757,1.41421356237,1.41421356237,1.73205080757,1.41421356237,1.41421356237,2.2360679775,1.41421356237,1.73205080757,1.41421356237,
1.41421356237,1.73205080757,1.41421356237,1.73205080757,1.73205080757,1.41421356237,1.73205080757,1.41421356237,1.73205080757,1.41421356237,1.41421356237,2.2360679775,1.41421356237,1.73205080757,1.41421356237,
1.41421356237,1.73205080757,1.41421356237,1.41421356237,1.73205080757,1.41421356237,1.73205080757,1.41421356237,1.73205080757,1.41421356237,1.41421356237,2.2360679775,1.41421356237,1.73205080757,1.41421356237,
1.41421356237,1.73205080757,1.41421356237,1.41421356237,1.73205080757,1.41421356237,1.73205080757,1.41421356237,1.73205080757,1.41421356237,1.41421356237,2.2360679775,1.41421356237,1.73205080757,1.41421356237,
1.41421356237,1.73205080757,1.41421356237,1.41421356237,1.73205080757,1.41421356237,1.73205080757,1.41421356237,1.73205080757,1.41421356237,1.41421356237,2.0,1.41421356237,1.73205080757,1.41421356237,
1.41421356237,1.73205080757,1.41421356237,1.41421356237,1.73205080757,1.41421356237,1.41421356237,1.41421356237,1.73205080757,1.41421356237,1.41421356237,2.0,1.41421356237,1.73205080757,1.41421356237,
1.41421356237,1.73205080757,1.41421356237,1.41421356237,1.73205080757,1.41421356237,1.41421356237,1.41421356237,1.73205080757,1.41421356237,1.41421356237,2.0,1.41421356237,1.73205080757,1.41421356237,
1.41421356237,1.73205080757,1.41421356237,1.41421356237,1.73205080757,1.41421356237,1.41421356237,1.41421356237,1.73205080757,1.41421356237,1.41421356237,2.0,1.73205080757,1.41421356237,
1.41421356237,1.73205080757,1.41421356237,1.41421356237,1.73205080757,1.41421356237,1.41421356237,1.41421356237,1.73205080757,1.41421356237,1.41421356237,2.0,1.73205080757,1.41421356237,
1.41421356237,1.73205080757,1.41421356237,1.41421356237,1.41421356237,1.41421356237,1.41421356237,1.41421356237,1.73205080757,1.41421356237,1.41421356237,2.0,1.41421356237,1.41421356237,
1.41421356237,1.73205080757,1.41421356237,1.41421356237,1.41421356237,1.41421356237,1.41421356237,1.41421356237,1.41421356237,1.41421356237,1.41421356237,1.73205080757,1.41421356237,1.41421356237,
1.41421356237,1.73205080757,1.41421356237,1.41421356237,1.41421356237,1.41421356237,1.41421356237,1.41421356237,1.41421356237,1.41421356237,1.41421356237,1.73205080757,1.41421356237,1.41421356237,
1.41421356237,1.73205080757,1.41421356237,1.41421356237,1.41421356237,1.41421356237,1.41421356237,1.41421356237,1.41421356237,1.41421356237,1.41421356237,1.73205080757,1.41421356237,1.41421356237,
1.41421356237,1.73205080757,1.41421356237,1.41421356237,1.41421356237,1.41421356237,1.41421356237,1.41421356237,1.41421356237,1.41421356237,1.73205080757,1.41421356237,1.41421356237,
1.41421356237,1.73205080757,1.41421356237,1.41421356237,1.41421356237,1.41421356237,1.41421356237,1.41421356237,1.41421356237,1.41421356237,1.73205080757,1.41421356237,1.41421356237,
1.41421356237,1.73205080757,1.41421356237,1.41421356237,1.41421356237,1.41421356237,1.41421356237,1.41421356237,1.41421356237,1.41421356237,1.73205080757,1.41421356237,1.41421356237,
1.41421356237,1.73205080757,1.41421356237,1.41421356237,1.41421356237,1.41421356237,1.41421356237,1.41421356237,1.41421356237,1.41421356237,1.73205080757,1.41421356237,1.41421356237,
1.41421356237,1.41421356237,1.41421356237,1.41421356237,1.41421356237,1.41421356237,1.41421356237,1.41421356237,1.41421356237,1.41421356237,1.73205080757,1.41421356237,1.41421356237,
1.41421356237,1.41421356237,1.41421356237,1.41421356237,1.41421356237,1.41421356237,1.41421356237,1.41421356237,1.41421356237,1.73205080757,1.41421356237,1.41421356237,
1.41421356237,1.41421356237,1.41421356237,1.41421356237,1.41421356237,1.41421356237,1.41421356237,1.73205080757,1.41421356237,
1.41421356237,1.41421356237,1.41421356237,1.41421356237,1.41421356237,1.41421356237,1.41421356237,1.73205080757,1.41421356237,
1.41421356237,1.41421356237,1.41421356237,1.41421356237,1.41421356237,1.41421356237,1.73205080757,1.41421356237,
1.41421356237,1.41421356237,1.41421356237,1.41421356237,1.41421356237,1.41421356237,1.41421356237,
1.41421356237,1.41421356237,1.41421356237,1.41421356237,1.41421356237,1.41421356237,1.41421356237,
1.41421356237,1.41421356237,1.41421356237,1.41421356237,1.41421356237,1.41421356237,1.41421356237,
1.41421356237,1.41421356237,1.41421356237,1.41421356237,1.41421356237,1.41421356237,1.41421356237,
1.41421356237,1.41421356237,1.41421356237,1.41421356237,1.41421356237,1.41421356237,1.41421356237,
1.41421356237,1.41421356237,1.41421356237,1.41421356237,1.41421356237,1.41421356237,1.41421356237,
1.41421356237,1.41421356237,1.41421356237,1.41421356237,1.41421356237,1.41421356237,1.41421356237,
1.41421356237,1.41421356237,1.41421356237,1.41421356237,1.41421356237,1.41421356237,1.41421356237,
1.41421356237,1.41421356237,1.41421356237,1.41421356237,1.41421356237,1.41421356237,1.41421356237,
1.41421356237,1.41421356237,1.41421356237,1.41421356237,1.41421356237,1.41421356237,1.41421356237,
1.41421356237,1.41421356237,1.41421356237,1.41421356237,
1.41421356237,1.41421356237,1.41421356237,1.41421356237,
1.41421356237,1.41421356237,1.41421356237,1.41421356237,
1.41421356237,1.41421356237,1.41421356237,
1.41421356237,1.41421356237,
1.41421356237,1.41421356237,
1.41421356237,1.41421356237,
1.41421356237,1.41421356237,
1.41421356237,1.41421356237,
1.41421356237,1.41421356237,
1.41421356237,1.41421356237,
1.41421356237,1.41421356237,
1.41421356237,1.41421356237,
1.41421356237,1.41421356237,
1.41421356237,1.41421356237,
1.41421356237,1.41421356237,
1.41421356237,
1.41421356237,
1.41421356237,